sniprun_started_id=1
(Plots.PyPlotBackend(), nothing)
sniprun_finished_id=1
sniprun_started_id=2
(Plots.PyPlotBackend(), nothing)
sniprun_finished_id=2
sniprun_started_id=3
(Plots.PyPlotBackend(), nothing)
sniprun_finished_id=3
sniprun_started_id=4
sniprun_finished_id=4
sniprun_started_id=5
bubbleSort! (generic function with 1 method)
sniprun_finished_id=5
sniprun_started_id=6
sniprun_finished_id=6
sniprun_started_id=7
polynomialGenerator (generic function with 1 method)
sniprun_finished_id=7
sniprun_started_id=8
#polynomialGenerator##0 (generic function with 1 method)
sniprun_finished_id=8
sniprun_started_id=9
2-element Vector{Float64}:
 -0.19999999999999998
  0.5
sniprun_finished_id=9
sniprun_started_id=10
Zeros of the function f(x): [-0.19999999999999998, 0.5]
sniprun_finished_id=10
sniprun_started_id=11
Zeros of the function f(x): [-0.19999999999999998, 0.5]
sniprun_finished_id=11
sniprun_started_id=12
"/Users/eo/Dev/dsmath_notes/data/temperatures.csv"
sniprun_finished_id=12
sniprun_started_id=13
"/Users/eo/Dev/dsmath_notes/data/temperatures.csv"
sniprun_finished_id=13
sniprun_started_id=14
sniprun_finished_id=14
sniprun_started_id=15
sniprun_finished_id=15
sniprun_started_id=16
sniprun_finished_id=16
sniprun_started_id=17
sniprun_finished_id=17
sniprun_started_id=18
sniprun_finished_id=18
sniprun_started_id=19
(Plots.PyPlotBackend(), Main.bubbleSort!)
8-element Vector{Int64}:
 65
 51
 32
 12
 23
 84
 68
  1
4×2 Matrix{Int64}:
 65  51
 32  12
 23  83
 68   1
8-element Vector{Float64}:
 65.0
 51.0
 32.0
 12.0
 23.0
 84.0
 68.0
  1.0
8-element Vector{Int64}:
  1
 12
 23
 32
 51
 65
 68
 84
4×2 Matrix{Int64}:
  1  51
 12  65
 23  68
 32  83
8-element Vector{Float64}:
  1.0
 12.0
 23.0
 32.0
 51.0
 65.0
 68.0
 84.0
polynomialGenerator (generic function with 1 method)
#polynomialGenerator##4 (generic function with 1 method)
2-element Vector{Float64}:
 -0.19999999999999998
  0.5
Zeros of the function f(x): [-0.19999999999999998, 0.5]
"/Users/eo/Dev/dsmath_notes/data/temperatures.csv"
"/Users/eo/Dev/dsmath_notes/data/3featureData.csv"

Alternative calculations of (sample) mean vector: 

Alternative calculations of (sample) covariance matrix: 

Alternative calculations of (sample) covariance matrix: 
2000
2000-element Vector{Float64}:
 -0.20627358670219695
  1.0099161159754444
 -0.10362239318066188
  0.8535135056501466
 -0.29591288791308723
  0.7209250923986277
 -0.6947479543838933
 -0.5641005042659621
  2.2064673257562446
  1.0419097781455884
  0.28379255219516175
 -0.04083237348727032
 -1.0339944743544425
  1.4118491706897134
  1.1449367339150727
 -1.7106979877875417
  0.796782924214252
 -0.046672531761357355
  1.7872603534105218
  0.26032161929067643
 -1.89475652705
 -3.400361572345817
  1.3304820450333847
 -0.09260741652388849
 -1.603716404226086
  0.5213450307569834
 -2.1544290772546244
  0.03848384715256043
  1.2537516546791811
  0.28424173787257057
 -0.9872068742444982
 -1.2289466765360706
 -1.7662804193670976
 -1.1225936869950293
  0.23638416684482932
  0.7635304643209743
 -1.220475693437797
 -0.49948752211697234
 -0.10260538193216737
 -0.2020024871762838
 -1.6400999477317624
  0.9926134966598326
  0.0864532897506205
  1.030351217288893
 -0.694936062218796
 -1.0655974074728534
  0.7132371580576187
 -1.153975614842784
  0.5370026882041224
  1.54546862825578
  0.10022562529043032
 -1.5733816962859724
  1.1626662480372834
  1.028397533927273
  1.5917158327510001
  0.5220616761699367
  0.20431891799522084
 -0.6011578053671902
  0.7403481046120212
  0.1394623672041051
 -0.24611238301632962
  1.76021413941002
 -0.7157532911481571
 -0.6538124439556504
 -0.09258574814947826
 -0.42926610760639605
  0.8167648135169268
 -1.609591387942579
  3.0015905499314903
 -1.3207805819819975
 -0.40136459307399847
  1.014192595456109
 -1.1309161422536693
 -1.4586402115968675
 -0.8061613921820182
 -2.5122256946082455
  0.8234286535586616
 -0.9847408179800492
  0.08192287442827702
  1.2401949416623166
 -0.7228788480065513
 -1.5896134976337692
 -0.34783513674194977
  0.5280555628268687
  1.1231413853677834
  1.3607959949619883
 -1.1580862821590987
  0.05103989783049728
  0.9330979522865784
 -0.2095921910337934
  2.010222623661127
  0.4312971212048149
 -0.26595208135429044
  1.3731930725460009
  0.3247524420684936
 -0.15766349196593474
 -1.9631160139288646
 -0.9260679127104124
  0.13140102562751474
 -1.3511188401240746
  1.3579080161390822
 -1.2099527240704644
  0.9429536292214427
 -0.2134222691617546
  0.5936431444290982
  0.1298568878031198
 -1.0477569417588954
 -0.3006659964437693
 -1.18088971308949
 -0.5715806544638198
 -0.08317144465824429
 -0.3670265002911816
 -0.17952771192300043
 -0.9602485236704976
 -1.3541793552707073
 -0.3930695230359433
  0.1739474441557704
  0.15101442073804702
 -0.1359237759359877
  0.7277778126630212
 -0.4348289063142064
  2.0188515683325283
  0.6439081697437101
 -0.1314491326881858
 -1.7697424756270634
 -0.7622633969691309
 -0.7682779265583901
 -0.07563816882576276
  0.7210035681906365
  0.8222366931902084
  2.101600022517124
  0.18118721670046878
  0.04064892183901887
  2.1179606732543976
 -0.45061406705228263
  1.0037756008212313
 -0.5657083850585782
 -1.979329310505345
 -0.17585651281191675
 -0.599396781488509
  1.3251386224117492
 -0.8990576921661824
 -0.6433089780311971
  0.9756382018376143
 -1.3850498659957824
  0.16295360647915985
  0.8425846128327916
  1.258629027629532
  1.7855047473678425
  0.19903096359896635
 -0.13090777730067504
 -0.11555279098970433
 -0.165458992712652
 -1.3763629369452823
  1.8270646191769575
 -0.9353306978437349
 -0.3159187821263572
  1.140457579821494
 -0.39285410638776275
  0.8317026790593957
  1.1638193890130044
 -0.3162907463419407
  0.535345922072354
 -0.4585526123185199
  1.0721133620141001
 -0.40945755478763235
  1.464204581939293
  0.31672775613705134
  1.4473075249638467
  1.4951854580865478
 -0.9162162115183001
 -0.04034243883118639
  0.29418464727685856
 -0.1918723682922235
 -1.3088382817987019
 -1.24673045693356
 -0.3559157264919019
 -0.4972416541996511
  0.8755907276339387
  0.03368787824135481
  0.3129716513022887
  0.5183287491028861
 -1.3156653845875514
 -0.5580291239022609
 -0.3254920807325765
  0.3107993560552044
  0.5729684846880302
  1.0589330789482452
  0.3649492094895465
 -1.305007846176075
  0.16948467482874252
  0.05480994514164451
  0.6210144794384016
  0.44527566888786574
 -0.5300671275635636
 -0.16296684306843806
 -0.2955647536806787
  0.10571756517324035
 -0.11213386411574616
 -2.285753019164404
  0.6702989635253505
 -1.0204696200748258
  1.082561064320952
 -0.747346767307295
  0.39418038791011784
  2.3416496184625295
 -1.6406671778545776
 -0.7720520809288768
 -1.0973140508178882
 -0.8784730801121517
 -2.1961593911994837
 -0.8827714416527812
  0.3639271169164275
  1.4277401405243095
 -0.5487880468792034
  1.3793867244265245
 -0.4005378397218681
 -0.023538755424290323
 -1.1070394700648591
  0.0008993647755657657
 -0.7947956229920428
 -0.7229486640287367
  0.1477418104805555
 -0.26617420402874387
  0.3917010456342617
  0.23105993887941517
  1.7485101234201883
  0.5483458798788278
  0.3000721523793223
  0.3829362780359534
  0.7664013328374034
 -1.063696495037739
  0.7862884971535514
  0.10554094200623117
  0.23222705427886725
  2.285951508035686
  1.2177188058237967
 -0.4834563470005159
 -1.9400376347448556
  1.2113048453600963
 -0.3103801878438366
 -1.3254947939907789
 -0.3752188541566642
 -0.34323006623689134
  0.7873849323878443
  0.7366327472650346
  1.5335851481616258
 -0.6799836242453202
  0.15161949321322346
  0.09872469633168039
  0.3300164436462184
 -0.2513412287501987
 -0.004733843643019725
  1.0085866179622014
  0.3305534059873727
  1.3494861355091885
  1.5132608196854904
  1.009313541645386
 -0.0758743826009206
 -1.7821176375275036
 -0.8225157559076812
  1.1786764744728975
 -1.4432938664273869
  0.6886246605652369
 -0.6311121558103548
 -0.9189756407511939
  1.6085684733747958
  0.08553745612203534
  0.250557309401695
  2.1135534205583624
  0.47551679956660226
 -0.7342359874763877
 -0.14423788574332227
  0.16219057769387854
 -2.3305591635109884
  0.05713220973509848
 -0.6154854731212309
  0.6595412656181989
  0.1913699397674106
 -0.813459651587409
  0.6897542287271392
 -0.5541907138524815
 -1.282408362709692
  0.004003846829244368
 -0.5027910794554407
  0.15107448627994818
  0.8879653737461031
  1.1717025552001303
  0.5250574612223926
 -0.8492267829683465
  0.404012752626842
  0.7881269753127733
  0.5624692521823017
  0.325444023448673
 -0.35637557792442226
 -1.0225470818613682
  0.09893063854918308
 -0.7603067797295725
  0.19322563235292
  2.805405687408816
 -1.005185101138443
  0.47933783678932573
 -0.92362788990667
 -1.0410489940833147
  1.3063137422612094
 -0.7195329907385521
 -0.29650041877094757
 -0.5336464044243125
 -0.7315564952177612
  2.75124235397026
  1.5713913344356778
  0.8138344104657348
  1.0249547597204858
 -3.006608652709628
  0.3781116301869349
  0.7710775410742129
 -0.22911593383196513
 -2.392039958454843
  0.2879968764132423
 -0.7479658249531133
  0.05985833798969706
  1.0829088726957696
  0.19309997556036498
 -0.4898571053257314
  0.4373337502764573
 -0.8439624897402691
 -0.2834269090692032
 -0.18298495925369643
  1.601567423891561
  1.1955870124628294
 -1.4110751937295702
  0.022099937090772178
 -0.3750593301835273
  0.5621003628728365
 -0.666058180955046
 -1.8727216183378255
  0.7239767084991102
 -0.20224163961847974
 -0.3856230297718727
 -0.8969778364775683
 -0.2576766601792362
 -0.015226773412534544
  1.0966160766073354
 -0.8935510283915857
  1.589812663047084
  0.9648971917339125
  1.2737836204058088
 -0.4464549766760703
 -0.1490904964308055
 -0.2243342237503053
 -0.8631427120954088
 -0.031487084652372814
 -0.053042463151789926
  1.889294922251717
  0.9200165450061527
  1.158880866233864
  0.2519070571666773
 -0.811612914813611
  1.2361323898284784
  2.1621426993492157
  0.014747062616357538
 -0.883761565688714
  1.0145452916808642
  1.1417357534956236
 -1.0109705580595598
  0.006986486237482839
  0.34902746438923776
 -1.434879863550676
  0.19096509513131202
  0.19162047707277158
 -0.3635045244752128
  0.2812220178692072
  0.03244407827447776
 -0.3718829717050001
 -1.1677030094978456
 -1.6556962573887715
 -1.5600665390416584
 -0.2794741287539265
 -0.9304248818332925
 -0.7734406221351725
 -0.7648541529553767
 -0.5012108603182248
  0.2961679403027922
  2.120647262333648
  1.9322945725844725
 -0.06764465423366915
  0.8309439131081111
  1.0621569043087264
 -0.7690062509810726
 -0.19065890787122397
  0.9776982800500381
  0.5057480742455636
 -0.5848026151668324
  0.11750534379698127
 -0.7496145481805444
  0.04009153362579167
  0.3084983043090295
  2.193985484688233
  0.41903490966336776
 -1.2807391841681368
 -1.472195892614995
  1.6986449933918963
  0.8325723460279248
 -0.45388546038330074
 -0.5325117271075837
  0.9656752662596764
 -1.2685844585036468
 -1.866699371163224
 -0.3707071485643487
  0.23337024348889804
  0.15106067178596672
 -2.052884290404055
 -1.3620050149622254
 -1.2399753779313114
 -0.3548330899911024
  2.6607703710790083
  1.7537511411435172
 -0.5045302891415666
 -2.124740317011257
  1.3692506280943824
 -0.2764792383427769
  0.23754132047965032
 -0.8701694473188358
 -0.5263538251353718
  0.11588525025759197
  0.18143160271978243
  0.6174806054292272
  0.18087288091289058
  0.5988662599204037
  0.6606428034891978
  0.28134489721886285
 -0.779447059553184
 -0.6917932699740184
 -1.006642299027625
 -0.7509507324977316
  0.8133391370325007
  0.6785145333665413
 -0.8539630880584501
 -1.8863227549211294
  0.5285505860987812
 -0.13697930277930406
  2.3207856061375187
  1.5852844233501406
  1.2801410000654116
 -0.20386216414351946
 -0.39889765999920324
  1.708735171534418
  2.0167859989619923
  0.650477049975881
  0.3127614022654637
 -0.00784798040367132
  0.27005280488725447
  1.6434601524617274
 -0.4570125737901391
  0.08672443504815829
 -0.8200582090670705
 -0.29534518957387745
  0.4510887622078352
 -0.42975347556037047
 -0.27479158843884904
  0.6260326897474674
 -0.8284848711568404
 -1.0909039337410693
  1.2294902192095218
  1.0438451910715025
  0.487997888880526
 -0.9129243020139599
 -1.029042560295592
  0.3029617129206709
  1.0347278954012324
 -1.7863702802496702
 -2.1460199449900426
  1.6681945515850007
  0.718582931017588
 -0.6884050544799759
 -0.0843588093175372
  0.42628511791623913
  0.34790664986182773
 -0.25366572215542793
  1.5158377981063125
 -0.6268872428161155
  0.14872650871482349
  0.35574374213738447
  1.820053848174183
 -0.43753911769001197
 -1.445359689052301
 -0.7162823644838158
  0.6410300964274825
 -1.6821933223368413
 -0.798347501058443
  0.7585895012875231
 -0.8069613631450168
  0.3885617926994855
 -0.9183300553114438
  0.8421620999802519
  0.20325206503578044
  1.7190286206017262
  1.2666480713236552
 -1.2631770350358011
 -0.2972109182800259
 -0.46678706592916397
 -0.8377099645152488
  0.012615675161403744
  0.18913167819709076
  0.9985131666636364
  0.48877573779494143
 -0.7101551769851647
  0.13141873195396844
  0.6583700166350932
  0.0933155106022535
 -1.3738223148328144
 -0.04185976021822535
 -1.0950222055457541
 -0.597089592385563
 -0.18893086526652156
  1.6071127195484156
 -0.1320917957576956
  0.30821372582961737
  0.4178014461737452
 -0.2773325762367471
  0.776053964856211
 -1.319061286720777
 -0.6143808742061011
  2.552480317435885
 -0.710149809140196
  2.4148720745362433
  0.5283968674102214
  0.050823912825796645
 -0.8424736329547693
  0.6733129583742826
 -1.5354857602841092
  0.048759629980829305
  0.43156492933698126
 -0.49080466515770244
  2.278465418493361
 -1.0065463648029598
 -1.7868165602258708
  0.38433692107311485
  1.357307130042143
  0.8400708239175086
  0.731137457096591
  0.13035928533657423
  0.5441841455808957
  1.389262788039861
  0.5875999630726199
  0.07955343620381077
 -0.2124280196470888
  0.6042164511311506
 -0.1171179098052546
  0.15494983419748262
  0.8710641638292829
  1.73159033755039
 -0.5952981947524831
  0.815403271809569
  1.4025811789740132
  0.6479298830181615
  0.5267925912123212
  0.23453966656827094
  0.5091907977766985
  0.18431258107009335
 -0.5473502804756035
  0.3014634042907887
  0.08135147948373107
 -2.664307119498797
 -1.4531731609418155
 -1.9031374597826423
  0.05261348041099412
 -1.069323662739111
 -0.5356374139781717
 -1.7760168504045326
 -1.5906513174412267
 -1.321953488344746
  0.49048678973226306
  0.9960287083070168
 -1.5970777643458016
  0.5225993160805797
  0.7435937209141897
 -0.07060645630120231
 -0.3216446739893522
 -0.04743673780472537
  0.6233871506557298
 -1.0531622911606544
  0.9853637820206858
  0.49803964200490974
  0.8146054403613447
 -2.4723245437231105
  0.07709201392983168
  0.2284606626653249
  0.287250478488408
  0.4449888334066063
 -2.229316701894068
  0.28693251035582074
 -0.20306039421616762
 -0.011993963879820838
 -3.300016184741723
  0.5123936730900868
  0.27772786988571546
 -1.6401941354343896
 -0.9686298510703729
 -0.4737984423448776
 -0.4251560887790546
  0.20486359162677145
  1.670609088837215
  2.590252880698598
  0.5358731533028658
 -0.4262074330452153
 -0.44043985354203646
 -0.8368620400142593
 -0.5373614745295185
 -1.4031251822052977
 -1.5633898078555835
 -1.9175282539863563
 -0.823849900540173
  0.5485726887263105
  0.03180581080356638
  0.5503569264383374
 -0.5251948290312053
  0.1938652783293368
 -2.6177089412836927
 -0.5111819268850791
 -1.4922258911786248
 -0.4434647779472319
 -0.18360823109336366
  0.16654509610837942
 -0.18693494341278966
 -1.3293653106974443
  0.7899031865161202
  0.3009942624465288
  0.4269248470489338
 -0.6980658594578828
 -0.22778865800650422
 -0.4363353402925621
 -0.2409482574940375
  0.936210647763568
  0.9945978193320001
 -0.3412357971668455
 -0.9392642657186904
 -0.34017119177862465
 -0.30439673390934757
  0.552500890126438
  0.7166749452189145
  0.10068295329773758
  0.7079553081761697
  1.8156555105719538
  1.662112561529419
 -0.20354363995324737
 -1.3697070305865007
  0.3265822427408389
  0.3570724131331902
 -1.1057567190403086
 -1.4220154417390312
  1.1659706793638491
 -1.9317888713327451
  1.0309626026540797
  0.6219454632172883
  1.6052506705677867
  0.46768662902240626
  1.3264517815910228
 -1.4808252599918263
 -1.4248230634794887
 -0.21575861177622255
  2.45582892287081
  0.1579430738464418
 -0.8398103473025705
 -2.013675370447888
  0.43106791364548286
  1.683890769575494
 -1.3185170925431775
  0.16369807923024407
  1.7904387890583306
 -0.004413440103628543
 -0.06651229829946753
  0.8474839991965064
 -0.8902525072249247
 -0.40956113275812855
  1.8499700738600444
 -0.8312417820576876
 -0.0728032348639085
 -1.6349657707212606
 -0.566587310429565
 -1.3806219915428677
  0.7509879216228649
 -1.849598704472521
 -0.7915080705174485
  1.9559803671445468
  1.4715290008637811
 -1.101798601912554
 -0.9515207858360752
 -0.9144339860802051
  0.4022397351066315
 -1.0895141119449794
  0.6885116756792454
 -0.910415309734819
  1.6246189890629579
 -0.4417754413657247
 -0.11290625075462359
 -0.03366224601987353
  0.0067792524793950214
 -1.202357503138295
 -1.5996481896171288
  1.2500044212566022
  0.7284165116560598
  0.31798997711129934
 -0.07058928985763015
 -0.38112671902683787
  0.6300735544693763
 -1.5162115369092986
 -0.9028122980379043
  0.2664653987263838
  0.44835853873857284
  0.06069806292415673
 -0.5099907643649931
  1.2849635455127446
  0.9076115716632013
 -0.08334962066167147
  1.28526328703638
  0.1685934974610999
 -0.0882072379960754
  0.20228236752750567
 -1.9704471268483599
 -0.8050543310459544
  0.9542897178293073
 -0.9499620601606039
  0.1225062664153149
  0.9093014766166233
 -0.14322210261820126
 -0.22441105538544215
  0.19908158431050096
  1.0463248260624816
  0.6428658747993395
 -0.8023065962348158
 -1.6656573990660848
  1.4250133423979903
  1.1214923033147022
 -1.5596045800773548
 -0.06459995060514555
 -0.8006997518322803
 -0.1461778566980034
 -0.20740238771710925
  1.6019125116774013
  0.1152457107359211
 -0.9380600489353244
  0.2647637848530526
 -1.7147788539442599
  1.8651582362763273
  0.43784879468661786
  0.10416443025285245
  0.8348649620780766
  0.5826097448437895
  0.5014797977568186
  2.3278362282660683
  0.813505615221475
  0.866183394099399
 -1.2043057937977684
 -1.062773720266854
  0.1615655454858444
  0.010646694008797065
 -0.2680067369556829
 -0.6783419273819671
 -2.025144028710558
 -1.5408362596175333
 -0.29582785181693044
  0.5967605378171497
  1.7900801626217628
 -2.224124417656789
  0.6851989737391152
 -1.3195611270187348
 -0.8055196357045032
  0.17183758997074225
 -1.3489588278808837
 -2.041181267140914
  2.256246915125182
 -0.6290202829194439
 -0.1891723765104379
 -0.7962007677324081
  1.4054366556271
 -0.30827403710280377
 -0.624418739301667
  0.5190862918076147
  0.5756284348747573
 -0.5452033052715349
  1.0177663723354395
  0.3290899591756104
  0.39166101270830694
  0.8522332542982898
  0.7226910166965648
 -0.06281052833526599
 -0.3236341521525764
  0.07922060731742155
  1.3414246278027928
 -0.5914041611739899
 -0.6920073568755598
 -0.10525579637284324
 -0.4826038694277805
  0.09761385497988946
 -0.43930390270217584
 -2.638130385394614
  0.917501011435906
  0.21607842057786086
 -1.3872707988360837
 -0.26015634678825067
  1.378344181898116
 -1.3377607959837934
 -1.5878832807794
  0.48705549543268695
  0.4159660903051144
  1.1874095479129338
 -0.4293461570964658
 -1.6760420318424833
 -0.0039772887310421815
  1.4757999306065466
 -0.779336599966604
 -0.2519799870744799
  0.33192372272375864
 -0.1617817824847133
  0.050989658547635
  1.1741513762577758
  1.414217492412427
  0.43181575360661884
 -1.45139349349366
 -0.7896740996817331
  0.047003025195040585
 -0.5476524518415236
 -0.865884957183567
 -0.056575154113915706
  0.2138578977408345
 -1.3284926086064868
  0.33049818090253363
 -0.22365892259276812
 -0.5052737685250822
 -0.8281435314717526
 -0.7367448202560135
 -0.3024666791949789
  0.43796487215266044
  0.36337107659793727
 -0.5119452138975811
 -0.6274912183215151
  0.3142146837313202
  0.8132897936148171
 -0.3024951315610733
  0.2639731839794198
 -0.27033033388764727
 -0.15434271452021603
 -0.8678425368038901
  1.2838932356126131
  0.06643146531451062
  0.4087158509819168
  1.2227602606557824
 -0.4385034956919719
  0.46608114956569
 -0.5701517556230732
 -0.28603268360575296
  0.5933446718476173
  0.7283364704816214
 -0.4688172333802473
  0.39809397765283916
 -0.5024963702898002
  0.9586524384829174
  0.2591648818216958
 -0.5567106509431533
  0.845204138130877
 -1.724899534185841
  1.5482549562051044
 -0.7492107376126425
  0.19724341826292957
 -0.7998981289864774
  0.2496477541359321
  0.25509862727882265
  0.3701769320388534
  1.4835146262212502
 -0.09513098858282346
  0.3056343502754517
  2.3893273399708774
 -1.7960226729300515
 -0.3442684159569205
 -0.5120702303978059
 -0.6874031060353318
 -0.9255335738035017
  0.5292698843956961
  0.03524222155554741
 -1.1796836150916776
  0.37207983395639677
  0.4698164716671599
 -0.26451009880627535
 -1.2745404619988698
 -0.023630174227004884
 -1.725160366820969
  0.49394920340557097
 -0.381779177356953
 -0.6910980643394619
 -1.3863675286285109
 -0.24824372689558075
 -0.8488939665891826
  1.6215655986644562
 -0.7565958879921123
 -0.2197192177975259
  0.049036244856149366
  1.0392579233737407
  1.1038275410912421
  2.2732097801001574
 -0.8077128087093841
  0.34201620968313434
  0.6126387412708849
  0.8181552250336261
  1.425448106793249
 -0.18624643447530329
 -2.407594820913596
  0.9653847705985072
  1.5319310655785263
  1.2770604397915903
  0.11882225105472492
  1.1298055378399143
  0.47508308819629647
 -0.6570171737439104
  0.11348510373045609
  0.31903930371602646
  1.337604601426738
  1.4312092522289548
  0.48260019370029805
 -0.7459642941732526
 -0.7613745727409934
 -0.5301818889497057
 -0.7797661145404328
 -2.181348761026914
 -0.4499289470133567
 -0.7440025918181601
 -0.6659001872679384
 -0.9666237042600235
  0.08535401600315982
  1.2760583087664683
  0.4428412156499374
 -0.8798516240732212
 -1.1212677085669094
 -0.717322047848496
  2.2623715459109115
 -1.7529100918325273
 -0.36474859627913375
  0.5689256481304439
 -0.7310293718078343
 -0.5046925505734958
 -0.4017313535109656
  1.0097083653344883
  0.06477358220024461
 -0.0644676929627759
  1.4594591885957466
  0.2213075272894338
 -1.4883588886236943
 -0.18420269149084553
 -1.0265698033358515
  1.4171811667543435
  1.6051774658716806
 -0.8713663528195177
 -1.249647645617528
 -0.9955407384146434
  1.0481624748549017
  0.9572643073226932
 -2.3553874522984732
  0.6122604478092671
  0.5691413208763375
  0.4606286365055685
  1.787081888838613
  0.8093149615719989
  0.19654512159107487
  0.8715151726027942
 -1.798876251281662
  0.9829029763484772
 -0.3194962904084727
  0.02392841325267258
  0.3893276423838199
  0.6687625543126356
  0.6010409815508237
  0.6601733720936681
  0.4914725046249513
 -1.1750404065207056
 -0.11985248644963378
 -1.1754958199080487
  0.23876825611770516
 -0.7339847076292457
 -0.19985922125494188
 -0.48844769006360333
 -1.059050385449398
 -0.5780959412198726
 -0.9827765701183869
 -0.31304494843633873
  0.7257720126511231
 -0.1427645751567144
  0.22041358058016824
  0.6194219927148764
 -0.8420882601048404
 -1.0695202608973693
  0.5783596147519968
  0.2242764169974019
  0.701297806490724
 -0.12055057432446589
 -0.7324920193792126
  1.0313449126663783
  1.7892502479427983
 -0.4842425456957225
  1.5492059869782784
  0.5895096879322024
 -1.3634009301276016
 -0.18324216205943503
  0.23767228097291151
  1.042101025115431
  0.1517181360483019
  1.1507200326712066
 -0.4225021947709992
 -1.0717825347876673
 -0.022679998379044723
 -0.7509227577616094
 -1.194552799641145
  0.7067836190125287
  1.7498510713280029
 -1.0324739086027284
 -1.53533101334323
 -0.6361462654452555
  1.4984062644924512
  0.10613399232164547
  0.6826165403757499
  0.5945114849131922
 -0.14291623212446328
 -1.2716975045419272
  2.3106176716906983
 -0.2178161697658123
 -1.3524211849097634
  0.17703339208488425
 -1.7241711355469367
 -1.233045229312645
  0.4811083455044636
  1.0214783342546485
 -1.2719456319295552
 -1.242101386124535
  0.21764613947984607
  0.8269184055781491
  0.44343112376447963
  0.2885175473830584
  0.9853918849758471
  1.5731306027390108
 -0.0003076889178428621
 -1.901826755987112
  0.4484218908629913
 -0.9724419734588612
  1.1138542357561274
  0.3918002675094694
  0.43838200671996685
 -0.31434572214449513
  0.6457023835821023
  0.9984446407235384
  2.994683837505569
 -2.1652540309824886
  0.8567999361530364
  0.189959118145811
 -1.2317474011667333
 -1.2451615717134539
  0.5145026213999129
  0.7874181833519176
  0.2562137287638096
  0.4666228384211393
  0.013506017426773199
  0.6686463753216555
 -0.6703337015987885
  0.4019795950065765
 -1.739446093043616
 -0.28885019476822854
 -0.5662750400633687
 -0.301587701726847
 -0.5289490776209453
 -0.8279307786091172
 -0.20547078802254398
  1.2036152158622675
  0.8284433089208975
 -1.438912904434383
 -0.3439263544930039
  0.45478992399069634
  1.3727135885657185
  2.2164062796532473
 -0.8653660995428505
 -0.15838909474259574
 -0.7070180938534777
  0.7549187526674256
 -2.367377768777464
  1.6064015890872407
  0.2836278291352899
 -0.2777288103520642
 -0.8999968471632362
  1.438551014287685
 -0.8260504263591374
 -0.041163320620172666
  0.06990486081356709
 -0.3722602833239635
 -0.586940779565304
  0.04868326706452456
 -0.5650640695845165
  0.08246045716867176
  0.19739732732802498
 -1.7829208494118995
  1.1407937534387875
  0.38744227052413904
  0.06272835173448066
  1.1583833356039601
 -1.2721630996008018
 -0.9589159671875805
 -1.707216423616237
  0.9919602622109036
  0.7284575276126001
  0.2683296403787354
  0.7007754702994733
  0.8121423176945699
 -0.3380290857168632
  0.43613681286399086
 -1.7422727065619652
  0.3161296320227577
 -1.39719022142276
  0.29190235668757186
  0.584883890063866
 -0.6835249146059146
 -1.1852317081300174
  0.8973017222259554
 -1.0508385830067248
  1.1176109895389494
 -0.7925680066067124
  0.1310428952908141
 -0.6953960977000787
 -0.3115384715681217
  0.7010418339841812
 -0.6131488616199764
  0.6636668842367527
  0.05444092189313081
  0.13403693084603285
 -0.3688561457809175
 -1.1086949466428444
  0.25994726846469385
 -0.8813253994679969
 -0.14503641500551026
 -1.9569855181517697
  0.19345811248154146
 -0.7417112836218333
  0.4343130380439524
 -0.02992954593193638
 -0.9105290285369775
  0.39264911413897846
 -0.5923743159102995
 -0.04957026574373319
 -1.631115964967763
  0.24754547172986566
  0.9413398618758878
 -0.3606683315657577
 -0.8012439615823553
  0.502715676386738
 -1.1395347175911752
 -1.464340518684915
  0.9243630140053929
  1.0694283440589196
  0.07768055334150312
 -0.474562124984433
 -0.35149270779476666
  1.6743691093189628
  0.7410660679486591
 -0.5408618757703957
 -1.635593264317044
  0.2057838679564841
 -0.11612236059439274
 -0.8396628935667597
  0.44737344883938535
  1.1534466207072729
 -1.4016867333508845
 -1.2321516208732712
 -0.7719237094860305
 -1.9488372829685792
 -0.7376315782965942
 -2.071849178171636
  0.06230128168613909
 -1.4427517585578673
 -0.8273378684387482
 -1.3223018444835146
 -1.056177772975941
  1.2706391393703154
  0.3577306845113117
  0.521499873201015
 -1.003370983066122
  1.4937312377145582
 -0.2883671646557173
  0.13157512150900735
 -0.16743700888551152
  0.32828587969234907
  0.8183754206059216
 -2.8188382146624216
 -1.1060813877166198
  0.5272334960109404
 -3.01889034289584
 -0.8266334642970758
 -0.6520453150105184
  0.4019901108567155
 -0.06065303178650964
  0.6634739428140791
 -0.699781311620557
  0.5817113831524725
  0.3440863003637447
  0.2307745100806554
  0.37241695147570064
  0.7858711265466745
  0.11253793751678501
  0.28529166375905873
 -0.7005505194092885
  0.3791724207505392
 -0.7764478822601333
  1.7820994985643088
 -0.03518394058870963
  0.42198287490148656
  0.09490996458560517
  1.7635333546302219
 -0.8458936699946541
 -2.1716324401946174
  1.1833429511818594
 -0.40905904873477594
  1.3088598715799487
 -0.492027415735698
 -0.6701831108918039
  0.295350724983307
  0.47877178036640883
  1.7818435511909998
  0.5381441211509302
  1.1287422876201059
 -0.5315318271676388
 -1.3387126315053182
 -1.5401614063340456
 -1.157719073334159
 -0.8260649530082956
 -0.5348341633412764
  0.5357148654834695
 -1.2708851622225703
 -1.6023102077116615
 -0.7866881780548116
 -1.1829966091963704
 -1.0920150422631094
 -1.2993178697680416
  0.05297862986732775
  1.0318871933135563
  0.21228683822251146
 -0.7234988413348126
  0.16069630541862395
 -2.4837710795075876
 -0.03545119348902193
  0.8186266279505524
  1.6262133145659172
  1.1130872472461804
  0.7536038289266832
  0.28241652445669
 -1.1737894975738992
  0.12835223771683948
  0.728626198026205
  0.7255981412368231
 -0.6855582309944553
  0.5146597874084393
 -1.108236908332119
  0.5909836248073315
  1.2338401981624694
  0.4675171241111517
 -0.8708911687956659
 -0.2091261639402887
  0.654998767660784
  0.7853363995063304
 -1.2519724416698703
 -2.0045300020727193
 -0.05693631276802019
 -1.3997121443842262
  1.8316662091000802
 -1.840933689128605
  0.9130561949698097
  0.27993301700829565
  0.9794828005199517
 -0.7413412343739281
 -1.0060730001439149
 -1.8878231399753358
  0.9365300841542705
 -0.005989392282642238
  0.4744819737052185
 -0.3705229813115287
  0.4839767672016028
  0.6790589964773237
 -0.9355007512587371
  0.41647061526639567
 -0.17175784326102256
  0.015831862054594463
 -1.579213693251979
 -0.06502536523788398
  1.0345868631114592
 -0.5599289331152452
  1.7514688225541404
  0.6406260048167813
 -1.9501455227233466
 -2.099182610406086
 -0.057178812290034534
 -1.2914430799963341
 -0.8718416476314839
 -0.9786647994551315
 -0.012360127102247473
  0.3209563201760858
 -1.0869392984060666
  0.8257613911508302
 -0.5998945273591622
 -0.5799886669872658
 -1.3469979911779386
 -0.7870868007437658
 -0.6985135176140607
 -0.44088792811065547
 -1.2654851489697347
  1.2983437231407224
 -0.7634546283472448
 -0.8965184455399612
 -0.9746996943229306
 -1.6863399497362277
 -0.3047503278794489
 -0.22319919544576938
 -0.44579651247266394
  0.727848455486378
 -1.0293070968577802
  0.4269086274559106
  0.18709328117422042
 -0.503835653125565
 -0.266883340944247
  0.612547365204535
 -1.5870614198675377
  1.3100646795783735
 -0.6339354483928606
 -0.030033025624968682
  0.43177279707893107
 -1.057941022615836
  0.6089399577312341
  0.48626953420028246
 -0.8405802139485121
  1.9327142712073344
  2.4778665017634864
  0.22903420479870532
  0.3813765022940056
 -0.13832402050783393
  1.1925581559755818
  1.000587517045019
 -1.2035054253561714
  0.9658959002859702
 -0.5942265906112499
  0.5106905069868339
 -0.5507033087029918
  2.2627591232859086
  2.2753419628532003
  0.1519306695938156
  0.470448670665761
 -0.6566485343095068
 -0.6677741925686365
 -0.2807951996743787
 -0.7932080350861104
  2.4816788076906273
  0.6197083756727593
  0.2726325509908176
 -0.2273831651095324
  1.1423609932075054
  2.0462625304698934
 -0.134457114309385
  1.435444595979313
  0.0845476221948559
 -1.3336041719223295
 -0.01091164719344548
 -0.8007463850170001
 -0.8562885446889861
  0.8894149153161329
 -1.2464963791150534
 -1.0753296130984034
 -0.057147653771402185
 -1.1641384115630244
  1.4240411721130055
 -0.6452191183980333
  0.06682027997043724
  0.6603216480499422
 -0.09525908157003064
 -2.473263867269775
 -1.6487833598943196
  0.09951869518553247
  0.32700593504416425
 -0.6525766694796786
  0.8472493998538754
  1.0616724580069705
 -0.43442379767759653
 -0.9818022320869293
 -1.471458962816864
 -0.6203684829096235
  0.46396553075868835
 -0.08051305939505138
  0.8810501992463503
  0.4727043429494508
  1.420794390880166
  1.020978300313261
  1.171934236752178
  0.5665859488978217
 -0.03656534091102392
 -0.5754047718119745
 -1.106085994240397
 -1.861389760993092
  0.27333756857912833
  1.1139379484819942
  0.635179156420853
  0.1531276543023982
 -0.5179699469564375
 -0.3197454658380161
  1.3278045261137092
 -1.0958781186539899
  1.3978248569524458
  0.1497621449281194
  0.9372380920763355
 -1.150435683130608
  0.6737510035464247
  0.3258373707281665
  1.1646985858428942
  0.8408919311129199
 -0.042815273734665364
 -0.0678089108341761
 -0.25932017409192065
 -0.4853382239748863
  1.548036608465408
 -0.22934636510739198
 -1.4560128232485954
 -1.723830314635255
 -0.6372556791751726
  2.267879599926836
 -0.4698212444284332
 -0.3531330960648386
 -0.3757727515854044
 -2.164448389540225
 -0.7204677895271463
 -0.8843596259228457
 -0.46664179014363233
 -0.1057805728567234
 -0.27737979483207614
 -1.35997173671674
 -1.370663309275564
 -0.9892365173844493
  0.11770200984956021
 -0.8557915161477605
  2.4304780386782894
  1.8494184464552381
  0.7195055907854443
 -0.2443928468837387
  0.27264589271679995
 -0.08137179088670292
 -1.724000516449237
  0.5949034042401128
 -2.059803465806541
 -0.7837148694721009
  0.9448192125464371
  1.493728917806705
  1.5032391707427386
 -0.413521694362196
 -0.553850247468149
 -0.9876518372616281
  0.7446800390925168
 -0.269170791662346
 -1.8903841506436097
  1.8358974469877716
 -1.2512931319604272
 -0.21087639061398045
  0.6302149133651272
 -0.49751155342520476
 -0.5027625874737948
 -0.1372201100639582
  0.4642430102206755
 -1.084981619614384
 -0.09965860427410458
  0.7939173278682813
  0.3559708960808042
 -1.1582492153721375
  0.26235197366776053
  1.7617461934331615
 -0.2708859167556554
 -0.034391495056007935
 -1.0486405409232764
 -1.321655039327081
 -1.0286805975807927
  1.1208813681092906
 -0.6291254145409978
 -0.8180772170663767
 -1.3594138156068125
 -0.019254162907410645
  0.21992907964493158
 -0.37233291170720967
  0.7884856037634005
 -0.5596504187669857
 -0.1629930320634817
 -1.3645685602963467
  0.19619523818584664
 -0.3354572834901258
  0.6212924693084532
  1.6201657637349716
  0.011424035712308808
  0.39732637695266926
 -0.7248040642028216
 -1.3653142585452835
 -1.4926932033608376
  0.41114586890327964
 -0.8227724668206428
  1.0931412818995014
 -0.2986795792457021
  0.5357578645878586
 -0.3987445555780969
  1.3171590298011417
 -0.9513888083203125
 -0.6341414525715282
 -0.4252349430207617
  1.8863813972862513
 -0.580655944272894
  1.0680223099282302
  0.598489687033332
 -0.4652596947646099
 -0.31536992005770237
 -0.8173014411806622
 -1.089968751019437
 -0.47757626156401994
  2.383026124333053
 -0.2656475423084004
 -1.0374473969544455
  0.4237095061422303
  1.2690926902947273
 -0.021728427670731985
  0.3612656619789319
 -1.165971005048836
 -0.9762151158854009
  0.0017385419217970921
  0.5353628849940029
  1.765996036190735
 -0.08084705526472186
  0.6946593411019828
  0.42247442767013543
  1.6664635136708432
 -0.7606369785540881
 -0.6150093783361954
 -1.5616077108764084
 -0.9972589490701769
  0.02498346398202578
 -0.5893728579581553
 -0.07901939341948884
 -1.5381273454834246
  1.5840769937131887
 -0.11235654146278312
  0.3312282236626023
  0.3606546138383922
 -2.062881363455797
 -0.028042137547686696
 -0.37674411922597767
 -0.16700119232873134
 -0.03685802189494138
 -1.888857001268777
 -0.24914678975804963
 -0.7896952744545096
  1.3559127533569468
 -0.5675516359765659
 -0.6168446120060069
 -0.584942300593322
  0.3160018716238146
 -1.8994514847472705
  1.7310129275217834
 -0.3527684380686326
  0.5631016450074044
 -0.7418678088519267
  0.5975236265528013
  0.7806476300526303
 -0.04566833875250076
 -1.218651422525969
  0.7819828903937078
 -0.47496354518833034
  1.0641264017129293
  0.4301782243897821
 -0.35214654543571866
  0.06286414406414942
  0.5308993408012709
 -0.2908988294812898
 -0.9958326938915777
  2.545757261683644
 -0.08851883230591245
  1.6106230832869126
  0.9076575787315789
 -0.22253030042006694
 -0.8579037074167363
 -0.6588312846487627
 -1.2248152800006964
  0.20563081797799293
 -1.417763226046919
 -0.4296621917421847
  0.08035683511050058
  0.7608914169154989
  0.31696552328351285
 -0.17332775628541194
 -0.0015412716477570803
  0.17768317891488825
 -0.5017149976572363
  3.260135772264275
 -1.671340921632389
 -0.3826996109549744
 -0.6293322305564526
 -0.14346675553976493
 -0.6398580324884967
 -0.9674334028554699
  0.9411312500091801
  0.031132970688846687
  2.1737689324830556
  0.87880590954266
  1.5516801871956896
  1.6278744432688896
 -0.7094564787652073
 -0.03627807842962019
 -1.2410524476452502
 -0.5755481747315588
 -0.19352128250145997
  1.9044390193607734
  0.12987897675255974
 -1.0288208197910471
  0.15222701054875454
  1.0841261536419118
  1.1512697361929327
 -0.14352741863950738
  0.7437761361643478
  0.7852670609505666
 -0.4019834865791099
  0.871996372983955
 -1.6053134573494618
  1.3450530915125931
 -1.4337336067983404
  1.5712165450624398
  0.4538088101650639
 -1.4879046208521869
  0.19181752315618472
  0.9534113860455932
  0.8084107664833519
 -1.0642922239110495
 -0.9683626800316605
  0.19322687584772302
  0.2577636829774341
  0.2002051540679659
 -0.6217869322927443
  0.5571470316595521
 -0.6037901005567382
  0.9955785601964436
 -1.0057731710404854
  0.6496116393373659
  1.8558318750595155
 -0.6486860006459371
 -0.7212999012343462
 -1.5108262620812043
  0.7050707064764475
  0.7470762026279202
 -0.9083876772783909
  1.4469390444619983
  0.32889588527404673
  2.1544427227838736
  1.408211939362938
 -0.08655094026801805
 -0.3925207086098707
  1.1201570187830414
 -2.3474838976409815
 -0.8390543623308913
 -0.9619577846800816
 -0.0794999874707096
  0.011658397538710872
  0.5733006561031104
  1.436622110744691
 -1.413182509347095
 -0.4764045935162283
  1.6642220624697817
 -1.6329834632897697
  0.6576727956583968
 -0.46514614057672815
  0.5715432635036686
 -0.9066161356931924
 -0.6685844788886217
 -0.07405842866604921
  1.5388323875204615
 -1.4685129023489183
 -2.078787982650793
 -0.5998700443404814
 -0.5211757518096463
  0.8851589545854708
  0.024313842626117483
  1.505815929196913
 -0.34081468417524025
  0.05664818244150803
  1.6427182841620127
  0.9994822343270757
  3.1387484137510215
  0.19104076698994774
  0.9510249631819263
  1.5872678847194726
 -0.2601740034204221
 -0.43885371527586486
  0.24671832033829458
 -1.9432145060925672
  0.7393986969848826
 -1.4210754052746517
 -0.44207674154132476
 -2.0365776254405827
 -0.29327719123582696
  1.1317771782757493
 -0.2304971507688153
 -0.64911860766639
  0.1881193052387789
  0.5654799076721148
  0.7761106945449024
 -0.10854970578567812
  0.6663042168787634
 -0.9725011979029471
 -0.2295768532703569
  0.9718395047343408
  1.3740482003555619
  1.3079822884841288
 -1.8771115743590332
 -1.8456622956189206
  0.7743502503920949
  1.1889676719397528
 -0.5559349557635869
 -0.6918296614346752
 -0.21117629890726164
 -1.924477895334558
  0.6432295884356832
 -0.3542196637319932
  0.6667710562197529
 -0.819511683575929
 -0.7685490723856533
  0.22342222969172867
 -0.12464767015632566
  0.25849896243724907
 -1.1175074411542718
 -1.1293624619808997
 -0.17423821130540462
 -0.35784907534781757
  1.129526442348285
 -0.13158657338392948
 -1.0642830611759877
  1.3627388779902103
  0.34318176932168987
  2.9160946959782814
  0.5058562957862349
 -0.8930208312351746
 -1.346040164943506
 -1.066008761418785
 -1.1705316447440561
 -1.0154141002619557
 -0.9604820495022184
  0.304598639303754
  0.6655192779132971
 -1.4381034113766649
  0.5597663267057907
  2.333416500187659
  0.7008174167000528
 -0.6766004656275547
 -1.889125496206696
 -0.5427971802143772
 -0.028614135887067894
  0.8988506821991566
  0.2559871197006201
 -0.21277195884423641
  1.510494811732957
 -0.9584734486200556
 -0.09730688563828026
  2.074601252395548
 -0.6805427397635075
 -1.099964287885126
 -1.0949073115142296
 -0.07563188545520169
  1.3917874370361536
 -0.9909882664817262
  0.46345773816738706
  1.356469724122414
  0.8995846455178373
 -0.9945921826527618
  0.27429693733513644
  0.7241877041275302
 -0.17824470112149277
 -0.40534034494472704
 -1.3432583015783495
 -0.6888272802704839
  1.8793603212124135
  0.12836137248137577
 -0.7516756479456462
 -1.6271240635805109
 -3.002803715561958
 -1.2863215844828393
 -0.7166069465909644
  0.49456130591270986
 -1.0170060738672342
  0.3789276314929987
  0.4077030273410756
 -1.2514052377474847
 -1.608517324361176
  0.37082459368062837
  1.1598695701565487
  0.2538436897302927
 -1.1998793014311653
  0.3051205222482893
  0.03564103502265122
  1.5537698855723039
 -0.8701631542782441
  0.5247086259704042
  0.23355264912923998
 -0.04750567339590045
  0.13472758107216226
 -0.05342613337857053
  0.02250007158504983
 -0.4460863838994504
  0.49584426431165884
 -0.37482967362578673
  0.328320623188933
  0.909434969462747
 -0.41771498352235564
  0.6696270035501871
  1.636904511738488
  0.22558412161700478
  0.3318252233241353
  2.1412791844044055
  0.11228588082587736
  0.38527984757668593
 -0.4070912065371149
  1.1212012990306122
  0.17257341337363757
  1.6667401621817166
 -1.1501068974897326
 -0.2505374113776718
 -0.1560844899707212
 -0.803192374230226
 -0.34806619813111755
  0.24567407461644492
  0.7943188741714073
  0.28516448466515326
  1.0550718867286235
 -0.1232981833566926
 -0.7651312364682727
  0.5675090705842647
  1.2598480457765808
  0.0679645784275331
 -0.6176883131597178
  0.54602660441405
  1.1423479805753098
  0.8627490305587409
  0.40419395922535056
  0.8220174169112779
 -1.5765269271800568
  0.18874683474308654
 -0.9817371713745734
 -0.09943428982422915
  2.2164315465822604
 -0.35281446183170456
 -0.026569223710897885
 -0.9813655318703317
 -2.356180976385901
 -0.4055621566993745
 -1.3695864278794003
 -0.9323732025316451
 -0.4238381606923112
  0.7779773466727853
 -0.33818816814925867
  0.5568977972884733
  0.22836086516503729
  1.9275975548583086
  0.10155210182237971
  2.2294191107395793
  1.3075693843873042
 -2.1095187460875287
  1.1656550659264486
 -0.13945303427789646
 -1.841434381094212
 -0.6979962548410318
 -1.4836507028633341
  1.1507736257525143
  2.078550742244275
  0.39907908047253005
  0.36756723597220176
  1.2756958261644098
 -0.3213523568463912
  1.4933892255675887
  0.4739180682609849
 -1.773909055624519
  0.6703057447973874
 -1.1138366048022383
  1.289150047817889
  0.03863916999964709
 -0.4589211039884662
  0.5333999453868716
 -0.014201013968621386
  0.951193679639221
  0.3351409193622241
 -1.0296052505684872
  2.020288049748989
 -0.8746973562450195
 -0.18273857143740554
  1.0841003941886491
 -0.9194634555903052
  0.19313428363618784
 -1.086568583060127
 -0.39721807857703073
 -0.7175559497902098
 -0.3868797517021002
 -0.05026018559382342
  2.371331022110482
 -0.48132039806712135
  1.4102189928362554
  0.32948269319554774
 -0.8667384026854968
 -0.5514552428277317
 -0.2638789917662654
 -1.2767916710693952
 -0.7914782489299973
 -1.4349902805479473
  0.8929424001485752
  1.357879813386241
 -0.1002844374324208
  1.1433728701693255
  0.15443583599969862
 -0.15915052692202672
 -0.40397452189589056
  1.1335394258270095
  0.2902366716945364
  0.7104345699267411
 -1.7319014175859715
 -0.7276121951560314
  0.5113281698514747
 -0.8447901936391691
 -0.31828378118839296
 -0.05844594606783742
  0.9875826152191731
 -0.5407557821005737
  1.7931086464101582
 -0.6451145074650932
  2.03761146540931
  0.5020961139763472
  0.12286922016008231
 -0.44738344861301105
 -0.6511813440301912
  1.0411750001427849
 -0.45705895705371796
  0.23588142918737307
 -0.5053033974211616
 -0.4154301100159064
  0.004551542148768384
  0.2321818949351301
 -0.11460249119593773
  0.7644901260248856
 -0.40301538676658977
  0.6933905216324628
 -0.3367136017927234
  2.141195108927833
  0.8348060355940895
  1.816566452174171
  0.4334505963407008
  0.17768804271127545
 -1.158539915837611
 -0.6224832929365597
 -0.5797893070860536
 -1.4451419373632415
  0.22707507473141453
  0.23983118779361065
  0.7268358932094959
 -1.2124655835272848
  1.3395215881484108
 -0.7594726476124315
 -0.4937518312988502
  0.12724852539935189
 -0.407885979695061
 -0.059597398240425495
  0.3012960793495852
 -0.06277517905076452
  0.5413143860172759
 -0.6678650196774978
  0.35701898905660334
  2.0650307675722335
 -0.08994887109804256
 -0.13109593764174
  0.10839570009520617
 -0.6884410490146986
 -0.8840038381371046
  0.30211455938168325
 -0.06690613054387855
  1.054706632855369
 -0.7157530112412994
 -1.1191950993258022
  2.3617463613096676
 -1.240262165606363
 -0.34786040291432174
 -0.30814088356303077
  1.1870723505619938
 -2.6281513132457985
 -1.9100110345359118
  0.35034127416074273
 -0.5632499865473432
  0.4478273629347003
  1.3884484086073752
 -0.24660450955053365
 -0.4433783246056059
  0.6321150221926042
 -0.49368665701302583
  0.9686096381778351
 -0.29100244388874247
  0.6438015541272675
 -1.1368708073154008
  1.8637185818524582
  0.4893391964897206
(-3.400361572345817, 3.260135772264275)
0.3
7-element Vector{Tuple{Float64, Float64}}:
 (1.0, 1.3)
 (1.3, 1.6)
 (1.6, 1.9000000000000001)
 (1.9, 2.1999999999999997)
 (2.2, 2.5)
 (2.5, 2.8)
 (2.8, 3.0999999999999996)
8-element Vector{Tuple{Float64, Float64}}:
 (1.0, 1.3)
 (1.3, 1.6)
 (1.6, 1.9000000000000001)
 (1.9, 2.1999999999999997)
 (2.2, 2.5)
 (2.5, 2.8)
 (2.8, 3.0999999999999996)
 (3.0999999999999996, 3.260135772264275)
8
inBin (generic function with 1 method)
sizeBin (generic function with 1 method)
f (generic function with 1 method)
h (generic function with 1 method)
-4.0:0.01:4.0
sniprun_finished_id=19
